0 0
1.6 1
1.6 2
1.6 3
1.6 4
1.6 5
1.6 6
1.6 7
1.6 8
1.6 9
1.8 1
1.9 2
1.9 3
1.9 4
1.9 5
1.9 6
1.9 7
1.9 8
1.9 9
2.0 1
2.0 2
2.0 3
2.0 4
2.0 5
2.0 6
2.1 7
2.1 8
2.1 9
2.2 1
2.2 2
2.2 3
2.2 4
2.2 5
2.2 6
2.2 7
2.2 8
2.3 9
2.3 10
2.4 1
2.4 2
2.4 3
2.4 4
2.4 5
2.4 6
2.4 7
2.4 8
2.4 9
2.4 10
2.6 1
2.6 2
2.6 3
2.6 4
2.6 5
2.6 6
2.6 7
2.6 8
2.6 9
2.7 1
2.7 2
2.7 3
2.8 4
2.8 5
2.8 6
2.8 7
2.8 8
2.8 9
2.8 10
2.9 1
2.9 2
2.9 3
2.9 4
2.9 5
2.9 6
2.9 7
2.9 8
3.0 9
3.1 1
3.1 2
3.1 3
3.1 4
3.1 5
3.1 6
3.1 7
3.1 8
3.1 9
3.1 10
3.3 1
3.3 2
3.3 3
3.3 4
3.3 5
3.3 6
3.3 7
3.3 8
3.3 9
3.3 10
3.4 1
3.4 2
3.4 3
3.5 4
3.5 5
3.5 6
3.5 7
3.5 8
3.5 9
3.6 1
3.6 2
3.6 3
3.6 4
3.6 5
3.6 6
3.6 7
3.7 8
3.7 9
3.7 10
3.8 1
3.8 2
3.8 3
3.8 4
3.8 5
3.8 6
3.8 7
3.8 8
3.8 9
3.9 10
4.0 1
4.0 2
4.0 3
4.0 4
4.0 5
4.0 6
4.0 7
4.0 8
4.0 9
4.0 10
4.2 1
4.2 2
4.2 3
4.2 4
4.2 5
4.2 6
4.2 7
4.2 8
4.3 1
4.3 2
4.3 3
4.3 4
4.4 5
4.4 6
4.4 7
4.4 8
4.4 9
4.5 1
4.5 2
4.5 3
4.5 4
4.5 5
4.5 6
4.5 7
4.5 8
4.7 1
4.7 2
4.7 3
4.7 4
4.7 5
4.7 6
4.7 7
4.7 8
4.7 9
4.7 10
4.8 1
4.8 2
4.8 3
4.9 4
4.9 5
4.9 6
4.9 7
4.9 8
4.9 9
4.9 10
5.0 1
5.0 2
5.0 3
5.0 4
5.1 5
5.1 6
5.1 7
5.1 8
5.1 9
5.1 10
5.2 1
5.2 2
5.2 3
5.2 4
5.2 5
5.2 6
5.2 7
5.3 8
5.3 9
5.3 10
5.4 1
5.4 2
5.4 3
5.4 4
5.4 5
5.4 6
5.4 7
5.4 8
5.4 9
5.4 10
5.6 1
5.6 2
5.6 3
5.6 4
5.6 5
5.6 6
5.6 7
5.6 8
5.6 9
5.7 1
5.8 2
5.8 3
5.8 4
5.8 5
5.8 6
5.8 7
5.8 8
5.8 9
5.9 1
5.9 2
5.9 3
5.9 4
5.9 5
5.9 6
5.9 7
5.9 8
6.0 9
6.1 1
6.1 2
6.1 3
6.1 4
6.1 5
6.1 6
6.1 7
6.1 8
6.1 9
6.1 10
6.3 1
6.3 2
6.3 3
6.3 4
6.3 5
6.3 6
6.3 7
6.3 8
6.3 9
6.4 1
6.4 2
6.4 3
6.4 4
6.4 5
6.4 6
6.4 7
6.5 8
6.6 1
6.6 2
6.6 3
6.6 4
6.6 5
6.6 6
6.6 7
6.6 8
6.7 1
6.7 2
6.7 3
6.8 4
6.8 5
6.8 6
6.8 7
6.8 8
6.8 9
6.8 10
6.9 1
6.9 2
6.9 3
6.9 4
6.9 5
6.9 6
6.9 7
6.9 8
7.1 1
7.1 2
7.1 3
7.1 4
7.1 5
7.1 6
7.1 7
7.1 8
7.1 9
7.1 10
7.2 1
7.2 2
7.2 3
7.2 4
7.2 5
7.2 6
7.2 7
7.3 8
7.3 9
7.3 10
7.3 11
7.4 1
7.4 2
7.4 3
7.4 4
7.4 5
7.4 6
7.4 7
7.4 8
7.4 9
7.5 10
7.5 11
7.6 1
7.6 2
7.6 3
7.6 4
7.6 5
7.6 6
7.6 7
7.6 8
7.6 9
7.6 10
7.6 11
7.6 12
7.8 1
7.8 2
7.8 3
7.8 4
7.8 5
7.8 6
7.8 7
7.8 8
7.8 9
7.8 10
7.8 11
7.8 12
7.8 13
8.0 1
8.0 2
8.0 3
8.0 4
8.0 5
8.0 6
8.0 7
8.0 8
8.0 9
8.0 10
8.1 11
8.1 12
8.1 13
8.2 1
8.2 2
8.2 3
8.2 4
8.2 5
8.2 6
8.2 7
8.2 8
8.3 9
8.3 10
8.3 11
8.3 12
8.3 13
8.4 1
8.4 2
8.4 3
8.4 4
8.4 5
8.4 6
8.4 7
8.5 8
8.5 9
8.5 10
8.5 11
8.5 12
8.5 13
8.6 1
8.6 2
8.6 3
8.6 4
8.6 5
8.7 6
8.7 7
8.7 8
8.7 9
8.7 10
8.7 11
8.7 12
8.9 1
8.9 2
8.9 3
8.9 4
8.9 5
8.9 6
8.9 7
8.9 8
8.9 9
9.0 10
9.0 11
9.0 12
9.1 1
9.1 2
9.1 3
9.2 4
9.2 5
9.2 6
9.2 7
9.2 8
9.2 9
9.2 10
9.2 11
9.2 12
9.3 13
9.3 14
9.4 1
9.4 2
9.4 3
9.4 4
9.4 5
9.5 6
9.5 7
9.5 8
9.5 9
9.5 10
9.5 11
9.5 12
9.5 13
9.5 14
9.7 1
9.7 2
9.7 3
9.7 4
9.7 5
9.7 6
9.7 7
9.7 8
9.7 9
9.7 10
9.7 11
9.7 12
9.7 13
9.9 1
9.9 2
9.9 3
9.9 4
9.9 5
9.9 6
9.9 7
9.9 8
9.9 9
9.9 10
9.9 11
9.9 12
9.9 13
10.1 1
10.1 2
10.1 3
10.1 4
10.1 5
10.1 6
10.1 7
10.1 8
10.2 9
10.2 10
10.2 11
10.2 12
10.2 13
10.3 1
10.3 2
10.3 3
10.4 4
10.4 5
10.4 6
10.4 7
10.4 8
10.4 9
10.4 10
10.4 11
10.4 12
10.4 13
10.6 1
10.6 2
10.6 3
10.6 4
10.6 5
10.6 6
10.6 7
10.6 8
10.7 9
10.7 10
10.7 11
10.7 12
10.7 13
10.8 1
10.9 2
10.9 3
10.9 4
10.9 5
10.9 6
10.9 7
10.9 8
10.9 9
10.9 10
11.0 11
11.0 12
11.0 13
11.1 1
11.1 2
11.1 3
11.1 4
11.2 5
11.2 6
11.2 7
11.2 8
11.2 9
11.2 10
11.2 11
11.2 12
11.3 13
11.3 14
11.4 1
11.4 2
11.4 3
11.4 4
11.4 5
11.4 6
11.4 7
11.4 8
11.5 9
11.5 10
11.5 11
11.5 12
11.5 13
11.6 1
11.6 2
11.6 3
11.6 4
11.6 5
11.6 6
11.6 7
11.7 8
11.7 9
11.7 10
11.7 11
11.7 12
11.7 13
11.8 1
11.8 2
11.9 3
11.9 4
11.9 5
11.9 6
11.9 7
11.9 8
11.9 9
11.9 10
11.9 11
12.0 12
12.0 13
12.1 1
12.1 2
12.1 3
12.1 4
12.1 5
12.1 6
12.1 7
12.2 8
12.2 9
12.2 10
12.2 11
12.2 12
12.2 13
12.3 1
12.3 2
12.3 3
12.3 4
12.4 5
12.4 6
12.4 7
12.4 8
12.4 9
12.4 10
12.4 11
12.4 12
12.4 13
12.6 1
12.6 2
12.6 3
12.6 4
12.6 5
12.6 6
12.6 7
12.6 8
12.6 9
12.6 10
12.6 11
12.6 12
12.6 13
12.8 1
12.8 2
12.8 3
12.8 4
12.8 5
12.8 6
12.8 7
12.8 8
12.8 9
12.8 10
12.8 11
12.8 12
12.9 13
12.9 14
13.0 1
13.0 2
13.0 3
13.0 4
13.0 5
13.0 6
13.0 7
13.0 8
13.1 9
13.1 10
13.1 11
13.1 12
13.1 13
13.1 14
13.2 1
13.2 2
13.2 3
13.2 4
13.2 5
13.3 6
13.3 7
13.3 8
13.3 9
13.3 10
13.3 11
13.3 12
13.3 13
13.3 14
13.5 1
13.5 2
13.5 3
13.5 4
13.5 5
13.5 6
13.5 7
13.5 8
13.5 9
13.6 10
13.6 11
13.6 12
13.6 13
13.6 14
13.7 1
13.7 2
13.7 3
13.7 4
13.7 5
13.7 6
13.8 7
13.8 8
13.8 9
13.8 10
13.8 11
13.8 12
13.8 13
13.8 14
13.9 1
13.9 2
14.0 3
14.0 4
14.0 5
14.0 6
14.0 7
14.0 8
14.0 9
14.0 10
14.0 11
14.0 12
14.0 13
14.0 14
14.2 1
14.2 2
14.2 3
14.2 4
14.2 5
14.2 6
14.2 7
14.2 8
14.2 9
14.2 10
14.3 11
14.3 12
14.3 13
14.3 14
14.4 1
14.4 2
14.4 3
14.4 4
14.4 5
14.4 6
14.5 7
14.5 8
14.5 9
14.5 10
14.5 11
14.5 12
14.5 13
14.5 14
14.6 1
14.7 2
14.7 3
14.7 4
14.7 5
14.7 6
14.7 7
14.7 8
14.7 9
14.7 10
14.7 11
14.7 12
14.7 13
14.7 14
14.7 15
14.8 16
14.9 1
14.9 2
14.9 3
14.9 4
14.9 5
14.9 6
14.9 7
14.9 8
15.0 9
15.0 10
15.0 11
15.0 12
15.0 13
15.0 14
15.0 15
15.0 16
15.1 1
15.2 2
15.2 3
15.2 4
15.2 5
15.2 6
15.2 7
15.2 8
15.2 9
15.2 10
15.2 11
15.2 12
15.2 13
15.3 14
15.3 15
15.3 16
15.4 1
15.4 2
15.4 3
15.4 4
15.4 5
15.5 6
15.5 7
15.5 8
15.5 9
15.5 10
15.5 11
15.5 12
15.5 13
15.5 14
15.5 15
15.6 16
15.7 1
15.7 2
15.7 3
15.7 4
15.7 5
15.7 6
15.7 7
15.7 8
15.7 9
15.8 10
15.8 11
15.8 12
15.8 13
15.8 14
15.8 15
15.8 16
15.9 1
16.0 2
16.0 3
16.0 4
16.0 5
16.0 6
16.0 7
16.0 8
16.0 9
16.0 10
16.0 11
16.1 12
16.1 13
16.1 14
16.1 15
16.1 16
16.1 17
16.1 18
16.1 19
16.3 1
16.3 2
16.3 3
16.3 4
16.3 5
16.3 6
16.3 7
16.4 8
16.4 9
16.4 10
16.4 11
16.4 12
16.4 13
16.4 14
16.4 15
16.4 16
16.4 17
16.4 18
16.6 1
16.6 2
16.6 3
16.6 4
16.6 5
16.6 6
16.6 7
16.7 8
16.7 9
16.7 10
16.7 11
16.7 12
16.7 13
16.7 14
16.7 15
16.7 16
16.7 17
16.9 1
16.9 2
16.9 3
16.9 4
16.9 5
16.9 6
16.9 7
16.9 8
17.0 9
17.0 10
17.0 11
17.0 12
17.0 13
17.0 14
17.0 15
17.0 16
17.1 1
17.1 2
17.2 3
17.2 4
17.2 5
17.2 6
17.2 7
17.2 8
17.2 9
17.2 10
17.2 11
17.2 12
17.2 13
17.2 14
17.3 15
17.3 16
17.4 1
17.4 2
17.4 3
17.4 4
17.4 5
17.4 6
17.5 7
17.5 8
17.5 9
17.5 10
17.5 11
17.5 12
17.5 13
17.5 14
17.5 15
17.5 16
17.5 17
17.7 1
17.7 2
17.7 3
17.7 4
17.7 5
17.7 6
17.7 7
17.7 8
17.8 9
17.8 10
17.8 11
17.8 12
17.8 13
17.8 14
17.8 15
17.8 16
18.0 1
18.0 2
18.0 3
18.0 4
18.0 5
18.0 6
18.0 7
18.0 8
18.0 9
18.0 10
18.1 11
18.1 12
18.1 13
18.1 14
18.1 15
18.1 16
18.2 1
18.3 2
18.3 3
18.3 4
18.3 5
18.3 6
18.3 7
18.3 8
18.3 9
18.3 10
18.3 11
18.3 12
18.4 13
18.4 14
18.4 15
18.4 16
18.4 17
18.5 1
18.5 2
18.6 3
18.6 4
18.6 5
18.6 6
18.6 7
18.6 8
18.6 9
18.6 10
18.7 11
18.7 12
18.7 13
18.7 14
18.7 15
18.7 16
18.7 17
18.9 1
18.9 2
18.9 3
18.9 4
18.9 5
18.9 6
18.9 7
18.9 8
19.0 9
19.0 10
19.0 11
19.0 12
19.0 13
19.0 14
19.0 15
19.0 16
19.0 17
19.2 1
19.2 2
19.2 3
19.2 4
19.2 5
19.2 6
19.2 7
19.2 8
19.3 9
19.3 10
19.3 11
19.3 12
19.3 13
19.3 14
19.3 15
19.3 16
19.3 17
19.5 1
19.5 2
19.5 3
19.5 4
19.5 5
19.5 6
19.5 7
19.6 8
19.6 9
19.6 10
19.6 11
19.6 12
19.6 13
19.6 14
19.6 15
19.6 16
19.7 17
19.8 1
19.8 2
19.8 3
19.8 4
19.8 5
19.8 6
19.9 7
19.9 8
19.9 9
19.9 10
19.9 11
19.9 12
19.9 13
19.9 14
19.9 15
19.9 16
20.0 17
20.1 1
20.1 2
20.1 3
20.1 4
20.1 5
20.1 6
20.2 7
20.2 8
20.2 9
20.2 10
20.2 11
20.2 12
20.2 13
20.2 14
20.3 15
20.3 16
20.4 1
20.4 2
20.4 3
20.4 4
20.4 5
20.4 6
20.5 7
20.5 8
20.5 9
20.5 10
20.5 11
20.5 12
20.5 13
20.5 14
20.5 15
20.6 16
20.6 17
20.7 1
20.7 2
20.7 3
20.7 4
20.7 5
20.7 6
20.8 7
20.8 8
20.8 9
20.8 10
20.8 11
20.8 12
20.8 13
20.8 14
20.8 15
20.8 16
20.8 17
21.0 1
21.0 2
21.0 3
21.0 4
21.0 5
21.0 6
21.0 7
21.1 8
21.1 9
21.1 10
21.1 11
21.1 12
21.1 13
21.1 14
21.1 15
21.1 16
21.1 17
21.3 1
21.3 2
21.3 3
21.3 4
21.3 5
21.3 6
21.3 7
21.3 8
21.3 9
21.4 10
21.4 11
21.4 12
21.4 13
21.4 14
21.4 15
21.4 16
21.4 17
21.4 18
21.6 1
21.6 2
21.6 3
21.6 4
21.6 5
21.6 6
21.6 7
21.6 8
21.6 9
21.7 10
21.7 11
21.7 12
21.7 13
21.7 14
21.7 15
21.7 16
21.7 17
21.8 1
21.9 2
21.9 3
21.9 4
21.9 5
21.9 6
21.9 7
21.9 8
21.9 9
21.9 10
21.9 11
22.0 12
22.0 13
22.0 14
22.0 15
22.0 16
22.0 17
22.0 18
22.1 1
22.1 2
22.2 3
22.2 4
22.2 5
22.2 6
22.2 7
22.2 8
22.2 9
22.2 10
22.2 11
22.3 12
22.3 13
22.3 14
22.3 15
22.3 16
22.3 17
22.3 18
22.3 19
22.5 1
22.5 2
22.5 3
22.5 4
22.5 5
22.5 6
22.5 7
22.5 8
22.6 9
22.6 10
22.6 11
22.6 12
22.6 13
22.6 14
22.6 15
22.6 16
22.6 17
22.6 18
22.6 19
22.8 1
22.8 2
22.8 3
22.8 4
22.8 5
22.8 6
22.9 7
22.9 8
22.9 9
22.9 10
22.9 11
22.9 12
22.9 13
22.9 14
22.9 15
22.9 16
22.9 17
23.0 18
23.1 1
23.1 2
23.1 3
23.1 4
23.1 5
23.1 6
23.1 7
23.2 8
23.2 9
23.2 10
23.2 11
23.2 12
23.2 13
23.2 14
23.2 15
23.2 16
23.2 17
23.2 18
23.4 1
23.4 2
23.4 3
23.4 4
23.4 5
23.4 6
23.4 7
23.4 8
23.5 9
23.5 10
23.5 11
23.5 12
23.5 13
23.5 14
23.5 15
23.5 16
23.5 17
23.7 1
23.7 2
23.7 3
23.7 4
23.7 5
23.7 6
23.7 7
23.7 8
23.7 9
23.8 10
23.8 11
23.8 12
23.8 13
23.8 14
23.8 15
23.8 16
23.8 17
24.0 1
24.0 2
24.0 3
24.0 4
24.0 5
24.0 6
24.0 7
24.0 8
24.0 9
24.0 10
24.0 11
24.0 12
24.1 13
24.1 14
24.1 15
24.1 16
24.1 17
24.1 18
24.2 1
24.2 2
24.2 3
24.3 4
24.3 5
24.3 6
24.3 7
24.3 8
24.3 9
24.3 10
24.3 11
24.3 12
24.3 13
24.4 14
24.4 15
24.4 16
24.4 17
24.4 18
24.5 1
24.5 2
24.6 3
24.6 4
24.6 5
24.6 6
24.6 7
24.6 8
24.6 9
24.6 10
24.7 11
24.7 12
24.7 13
24.7 14
24.7 15
24.7 16
24.8 1
24.8 2
24.8 3
24.8 4
24.9 5
24.9 6
24.9 7
24.9 8
24.9 9
24.9 10
24.9 11
24.9 12
24.9 13
24.9 14
24.9 15
24.9 16
25.0 17
25.1 1
25.1 2
25.1 3
25.1 4
25.1 5
25.1 6
25.1 7
25.2 8
25.2 9
25.2 10
25.2 11
25.2 12
25.2 13
25.2 14
25.2 15
25.2 16
25.2 17
25.3 18
25.3 19
25.4 1
25.4 2
25.4 3
25.4 4
25.4 5
25.5 6
25.5 7
25.5 8
25.5 9
25.5 10
25.5 11
25.5 12
25.5 13
25.5 14
25.5 15
25.5 16
25.5 17
25.5 18
25.7 1
25.7 2
25.7 3
25.7 4
25.7 5
25.7 6
25.7 7
25.7 8
25.8 9
25.8 10
25.8 11
25.8 12
25.8 13
25.8 14
25.8 15
25.8 16
25.8 17
25.8 18
25.8 19
26.0 1
26.0 2
26.0 3
26.0 4
26.0 5
26.0 6
26.0 7
26.0 8
26.0 9
26.0 10
26.1 11
26.1 12
26.1 13
26.1 14
26.1 15
26.1 16
26.1 17
26.1 18
26.2 1
26.2 2
26.3 3
26.3 4
26.3 5
26.3 6
26.3 7
26.3 8
26.3 9
26.3 10
26.3 11
26.3 12
26.3 13
26.4 14
26.4 15
26.4 16
26.4 17
26.4 18
26.4 19
26.5 1
26.5 2
26.5 3
26.6 4
26.6 5
26.6 6
26.6 7
26.6 8
26.6 9
26.6 10
26.6 11
26.6 12
26.7 13
26.7 14
26.7 15
26.7 16
26.7 17
26.7 18
26.7 19
26.9 1
26.9 2
26.9 3
26.9 4
26.9 5
26.9 6
26.9 7
26.9 8
26.9 9
27.0 10
27.0 11
27.0 12
27.0 13
27.0 14
27.0 15
27.0 16
27.0 17
27.0 18
27.0 19
27.2 1
27.2 2
27.2 3
27.2 4
27.2 5
27.3 6
27.3 7
27.3 8
27.3 9
27.3 10
27.3 11
27.3 12
27.3 13
27.3 14
27.3 15
27.4 16
27.4 17
27.4 18
27.4 19
27.5 1
27.5 2
27.6 3
27.6 4
27.6 5
27.6 6
27.6 7
27.6 8
27.7 9
27.7 10
27.7 11
27.7 12
27.7 13
27.7 14
27.7 15
27.7 16
27.7 17
27.7 18
27.9 1
27.9 2
28.0 3
28.0 4
28.0 5
28.0 6
28.0 7
28.0 8
28.1 9
28.1 10
28.1 11
28.1 12
28.1 13
28.1 14
28.1 15
28.1 16
28.1 17
28.3 1
28.3 2
28.3 3
28.3 4
28.3 5
28.3 6
28.4 7
28.4 8
28.4 9
28.4 10
28.4 11
28.4 12
28.4 13
28.4 14
28.4 15
28.5 16
28.6 1
28.6 2
28.6 3
28.6 4
28.6 5
28.6 6
28.6 7
28.7 8
28.7 9
28.7 10
28.7 11
28.7 12
28.7 13
28.7 14
28.7 15
28.7 16
28.7 17
28.9 1
28.9 2
28.9 3
28.9 4
28.9 5
28.9 6
28.9 7
28.9 8
28.9 9
29.0 10
29.0 11
29.0 12
29.0 13
29.0 14
29.0 15
29.0 16
29.0 17
29.1 1
29.1 2
29.2 3
29.2 4
29.2 5
29.2 6
29.2 7
29.2 8
29.2 9
29.2 10
29.2 11
29.2 12
29.2 13
29.3 14
29.3 15
29.3 16
29.3 17
29.4 1
29.4 2
29.4 3
29.4 4
29.5 5
29.5 6
29.5 7
29.5 8
29.5 9
29.5 10
29.5 11
29.5 12
29.5 13
29.5 14
29.5 15
29.6 16
29.6 17
29.7 1
29.7 2
29.7 3
29.7 4
29.7 5
29.7 6
29.8 7
29.8 8
29.8 9
29.8 10
29.8 11
29.8 12
29.8 13
29.8 14
29.8 15
29.8 16
29.8 17
30.0 1
30.0 2
30.0 3
30.0 4
30.0 5
30.1 6
30.1 7
30.1 8
30.1 9
30.1 10
30.1 11
30.1 12
30.1 13
30.2 14
30.2 15
30.2 16
30.2 17
30.3 1
30.3 2
30.4 3
30.4 4
30.4 5
30.4 6
30.4 7
30.4 8
30.4 9
30.4 10
30.5 11
30.5 12
30.5 13
30.5 14
30.5 15
30.5 16
30.5 17
30.7 1
30.7 2
30.7 3
30.7 4
30.7 5
30.7 6
30.7 7
30.7 8
30.7 9
30.8 10
30.8 11
30.8 12
30.8 13
30.8 14
30.8 15
30.8 16
30.8 17
31.0 1
31.0 2
31.0 3
31.0 4
31.0 5
31.0 6
31.0 7
31.0 8
31.0 9
31.1 10
31.1 11
31.1 12
31.1 13
31.1 14
31.1 15
31.1 16
31.1 17
31.2 1
31.2 2
31.3 3
31.3 4
31.3 5
31.3 6
31.3 7
31.3 8
31.3 9
31.3 10
31.3 11
31.3 12
31.3 13
31.3 14
31.4 15
31.4 16
31.4 17
31.5 1
31.5 2
31.5 3
31.5 4
31.5 5
31.5 6
31.6 7
31.6 8
31.6 9
31.6 10
31.6 11
31.6 12
31.6 13
31.6 14
31.6 15
31.6 16
31.6 17
31.6 18
31.8 1
31.8 2
31.8 3
31.8 4
31.8 5
31.8 6
31.8 7
31.8 8
31.9 9
31.9 10
31.9 11
31.9 12
31.9 13
31.9 14
31.9 15
31.9 16
31.9 17
31.9 18
31.9 19
32.1 1
32.1 2
32.1 3
32.1 4
32.1 5
32.1 6
32.2 7
32.2 8
32.2 9
32.2 10
32.2 11
32.2 12
32.2 13
32.2 14
32.2 15
32.2 16
32.2 17
32.2 18
32.4 1
32.4 2
32.4 3
32.4 4
32.4 5
32.4 6
32.5 7
32.5 8
32.5 9
32.5 10
32.5 11
32.5 12
32.5 13
32.5 14
32.5 15
32.5 16
32.5 17
32.5 18
32.7 1
32.7 2
32.7 3
32.7 4
32.7 5
32.7 6
32.7 7
32.7 8
32.8 9
32.8 10
32.8 11
32.8 12
32.8 13
32.8 14
32.8 15
32.8 16
32.8 17
32.8 18
33.0 1
33.0 2
33.0 3
33.0 4
33.0 5
33.0 6
33.0 7
33.0 8
33.1 9
33.1 10
33.1 11
33.1 12
33.1 13
33.1 14
33.1 15
33.1 16
33.1 17
33.2 18
33.3 1
33.3 2
33.3 3
33.3 4
33.3 5
33.3 6
33.4 7
33.4 8
33.4 9
33.4 10
33.4 11
33.4 12
33.4 13
33.4 14
33.4 15
33.4 16
33.5 17
33.5 18
33.6 1
33.6 2
33.6 3
33.6 4
33.6 5
33.6 6
33.7 7
33.7 8
33.7 9
33.7 10
33.7 11
33.7 12
33.7 13
33.7 14
33.7 15
33.7 16
33.8 17
33.8 18
33.9 1
33.9 2
33.9 3
33.9 4
33.9 5
34.0 6
34.0 7
34.0 8
34.0 9
34.0 10
34.0 11
34.0 12
34.0 13
34.0 14
34.1 15
34.1 16
34.1 17
34.1 18
34.1 19
34.2 1
34.2 2
34.3 3
34.3 4
34.3 5
34.3 6
34.3 7
34.3 8
34.3 9
34.4 10
34.4 11
34.4 12
34.4 13
34.4 14
34.4 15
34.4 16
34.4 17
34.4 18
34.6 1
34.6 2
34.6 3
34.6 4
34.6 5
34.6 6
34.6 7
34.7 8
34.7 9
34.7 10
34.7 11
34.7 12
34.7 13
34.7 14
34.7 15
34.7 16
34.7 17
34.7 18
34.7 19
34.8 20
34.9 1
34.9 2
34.9 3
34.9 4
35.0 5
35.0 6
35.0 7
35.0 8
35.0 9
35.0 10
35.0 11
35.0 12
35.0 13
35.0 14
35.1 15
35.1 16
35.1 17
35.1 18
35.1 19
35.3 1
35.3 2
35.3 3
35.3 4
35.3 5
35.3 6
35.3 7
35.3 8
35.4 9
35.4 10
35.4 11
35.4 12
35.4 13
35.4 14
35.4 15
35.4 16
35.4 17
35.4 18
35.6 1
35.6 2
35.6 3
35.6 4
35.6 5
35.6 6
35.6 7
35.6 8
35.6 9
35.7 10
35.7 11
35.7 12
35.7 13
35.7 14
35.7 15
35.7 16
35.7 17
35.7 18
35.9 1
35.9 2
35.9 3
35.9 4
35.9 5
35.9 6
35.9 7
35.9 8
36.0 9
36.0 10
36.0 11
36.0 12
36.0 13
36.0 14
36.0 15
36.0 16
36.0 17
36.0 18
36.2 1
36.2 2
36.2 3
36.2 4
36.2 5
36.2 6
36.3 7
36.3 8
36.3 9
36.3 10
36.3 11
36.3 12
36.3 13
36.3 14
36.3 15
36.4 16
36.4 17
36.5 1
36.5 2
36.5 3
36.5 4
36.5 5
36.6 6
36.6 7
36.6 8
36.6 9
36.6 10
36.6 11
36.6 12
36.6 13
36.6 14
36.6 15
36.6 16
36.7 17
36.7 18
36.8 1
36.8 2
36.8 3
36.8 4
36.8 5
36.9 6
36.9 7
36.9 8
36.9 9
36.9 10
36.9 11
36.9 12
37.0 13
37.0 14
37.0 15
37.0 16
37.0 17
37.0 18
37.0 19
37.2 1
37.2 2
37.2 3
37.2 4
37.2 5
37.2 6
37.2 7
37.3 8
37.3 9
37.3 10
37.3 11
37.3 12
37.3 13
37.3 14
37.3 15
37.4 16
37.4 17
37.4 18
37.5 1
37.5 2
37.5 3
37.6 4
37.6 5
37.6 6
37.6 7
37.6 8
37.7 9
37.7 10
37.7 11
37.7 12
37.7 13
37.7 14
37.7 15
37.7 16
37.7 17
37.9 1
37.9 2
37.9 3
37.9 4
37.9 5
37.9 6
38.0 7
38.0 8
38.0 9
38.0 10
38.0 11
38.0 12
38.0 13
38.0 14
38.0 15
38.0 16
38.0 17
38.2 1
38.2 2
38.2 3
38.2 4
38.2 5
38.2 6
38.3 7
38.3 8
38.3 9
38.3 10
38.3 11
38.3 12
38.3 13
38.3 14
38.3 15
38.3 16
38.4 17
38.5 1
38.5 2
38.5 3
38.5 4
38.5 5
38.6 6
38.6 7
38.6 8
38.6 9
38.6 10
38.6 11
38.6 12
38.6 13
38.6 14
38.7 15
38.7 16
38.7 17
38.7 18
38.8 1
38.8 2
38.9 3
38.9 4
38.9 5
38.9 6
38.9 7
38.9 8
38.9 9
39.0 10
39.0 11
39.0 12
39.0 13
39.0 14
39.0 15
39.0 16
39.0 17
39.2 1
39.2 2
39.2 3
39.2 4
39.2 5
39.2 6
39.2 7
39.3 8
39.3 9
39.3 10
39.3 11
39.3 12
39.3 13
39.3 14
39.3 15
39.3 16
39.3 17
39.3 18
39.4 19
39.4 20
39.4 21
39.5 1
39.5 2
39.6 3
39.6 4
39.6 5
39.6 6
39.6 7
39.6 8
39.6 9
39.7 10
39.7 11
39.7 12
39.7 13
39.7 14
39.7 15
39.7 16
39.7 17
39.7 18
39.7 19
39.9 1
39.9 2
39.9 3
39.9 4
39.9 5
40.0 6
40.0 7
40.0 8
40.0 9
40.0 10
40.0 11
40.0 12
40.0 13
40.1 14
40.1 15
40.1 16
40.1 17
40.1 18
40.2 1
40.3 2
40.3 3
40.3 4
40.3 5
40.3 6
40.4 7
40.4 8
40.4 9
40.4 10
40.4 11
40.4 12
40.4 13
40.4 14
40.4 15
40.4 16
40.4 17
40.6 1
40.6 2
40.6 3
40.6 4
40.6 5
40.6 6
40.7 7
40.7 8
40.7 9
40.7 10
40.7 11
40.7 12
40.7 13
40.7 14
40.7 15
40.7 16
40.8 17
40.9 1
40.9 2
40.9 3
40.9 4
40.9 5
41.0 6
41.0 7
41.0 8
41.0 9
41.0 10
41.0 11
41.0 12
41.0 13
41.0 14
41.1 15
41.1 16
41.1 17
41.2 1
41.2 2
41.2 3
41.3 4
41.3 5
41.3 6
41.3 7
41.3 8
41.3 9
41.3 10
41.4 11
41.4 12
41.4 13
41.4 14
41.4 15
41.4 16
41.4 17
41.4 18
41.6 1
41.6 2
41.6 3
41.6 4
41.6 5
41.6 6
41.7 7
41.7 8
41.7 9
41.7 10
41.7 11
41.7 12
41.7 13
41.7 14
41.7 15
41.8 16
41.8 17
41.9 1
41.9 2
41.9 3
41.9 4
41.9 5
42.0 6
42.0 7
42.0 8
42.0 9
42.0 10
42.0 11
42.0 12
42.0 13
42.0 14
42.1 15
42.1 16
42.1 17
42.2 1
42.2 2
42.2 3
42.3 4
42.3 5
42.3 6
42.3 7
42.3 8
42.3 9
42.3 10
42.3 11
42.4 12
42.4 13
42.4 14
42.4 15
42.4 16
42.5 1
42.6 2
42.6 3
42.6 4
42.6 5
42.6 6
42.6 7
42.6 8
42.6 9
42.6 10
42.7 11
42.7 12
42.7 13
42.7 14
42.7 15
42.7 16
42.8 1
42.9 2
42.9 3
42.9 4
42.9 5
42.9 6
42.9 7
42.9 8
42.9 9
42.9 10
43.0 11
43.0 12
43.0 13
43.0 14
43.0 15
43.0 16
43.2 1
43.2 2
43.2 3
43.2 4
43.2 5
43.2 6
43.2 7
43.3 8
43.3 9
43.3 10
43.3 11
43.3 12
43.3 13
43.3 14
43.3 15
43.4 16
43.4 17
43.4 18
43.5 1
43.5 2
43.6 3
43.6 4
43.6 5
43.6 6
43.6 7
43.6 8
43.6 9
43.7 10
43.7 11
43.7 12
43.7 13
43.7 14
43.7 15
43.7 16
43.7 17
43.9 1
43.9 2
43.9 3
43.9 4
43.9 5
43.9 6
43.9 7
44.0 8
44.0 9
44.0 10
44.0 11
44.0 12
44.0 13
44.0 14
44.0 15
44.0 16
44.2 1
44.2 2
44.2 3
44.2 4
44.2 5
44.2 6
44.2 7
44.3 8
44.3 9
44.3 10
44.3 11
44.3 12
44.3 13
44.3 14
44.3 15
44.3 16
44.5 1
44.5 2
44.5 3
44.5 4
44.5 5
44.5 6
44.6 7
44.6 8
44.6 9
44.6 10
44.6 11
44.6 12
44.6 13
44.6 14
44.6 15
44.6 16
44.7 17
44.7 18
44.8 1
44.8 2
44.8 3
44.9 4
44.9 5
44.9 6
44.9 7
44.9 8
44.9 9
44.9 10
44.9 11
45.0 12
45.0 13
45.0 14
45.0 15
45.1 1
45.1 2
45.1 3
45.1 4
45.2 5
45.2 6
45.2 7
45.2 8
45.2 9
45.2 10
45.2 11
45.2 12
45.3 13
45.3 14
45.3 15
45.3 16
45.3 17
45.4 1
45.4 2
45.5 3
45.5 4
45.5 5
45.5 6
45.5 7
45.5 8
45.5 9
45.5 10
45.5 11
45.6 12
45.6 13
45.6 14
45.6 15
45.6 16
45.7 1
45.7 2
45.7 3
45.7 4
45.8 5
45.8 6
45.8 7
45.8 8
45.8 9
45.8 10
45.8 11
45.8 12
45.8 13
45.8 14
45.8 15
46.0 1
46.0 2
46.0 3
46.0 4
46.0 5
46.0 6
46.1 7
46.1 8
46.1 9
46.1 10
46.1 11
46.1 12
46.1 13
46.1 14
46.1 15
46.1 16
46.2 17
46.3 1
46.3 2
46.3 3
46.3 4
46.3 5
46.3 6
46.4 7
46.4 8
46.4 9
46.4 10
46.4 11
46.4 12
46.4 13
46.4 14
46.4 15
46.6 1
46.6 2
46.6 3
46.6 4
46.6 5
46.6 6
46.6 7
46.7 8
46.7 9
46.7 10
46.7 11
46.7 12
46.7 13
46.7 14
46.7 15
46.9 1
46.9 2
46.9 3
46.9 4
46.9 5
46.9 6
46.9 7
46.9 8
47.0 9
47.0 10
47.0 11
47.0 12
47.0 13
47.0 14
47.0 15
47.2 1
47.2 2
47.2 3
47.2 4
47.2 5
47.2 6
47.2 7
47.2 8
47.2 9
47.3 10
47.3 11
47.3 12
47.3 13
47.3 14
47.4 1
47.4 2
47.5 3
47.5 4
47.5 5
47.5 6
47.5 7
47.5 8
47.5 9
47.5 10
47.5 11
47.6 12
47.6 13
47.6 14
47.6 15
47.6 16
47.7 1
47.8 2
47.8 3
47.8 4
47.8 5
47.8 6
47.8 7
47.8 8
47.8 9
47.8 10
47.9 11
47.9 12
47.9 13
47.9 14
47.9 15
47.9 16
48.0 1
48.0 2
48.1 3
48.1 4
48.1 5
48.1 6
48.1 7
48.1 8
48.1 9
48.2 10
48.2 11
48.2 12
48.2 13
48.2 14
48.2 15
48.2 16
48.4 1
48.4 2
48.4 3
48.4 4
48.4 5
48.4 6
48.4 7
48.4 8
48.4 9
48.5 10
48.5 11
48.5 12
48.5 13
48.5 14
48.5 15
48.5 16
48.7 1
48.7 2
48.7 3
48.7 4
48.7 5
48.7 6
48.7 7
48.7 8
48.8 9
48.8 10
48.8 11
48.8 12
48.8 13
48.8 14
48.8 15
49.0 1
49.0 2
49.0 3
49.0 4
49.0 5
49.0 6
49.0 7
49.0 8
49.1 9
49.1 10
49.1 11
49.1 12
49.1 13
49.1 14
49.1 15
49.3 1
49.3 2
49.3 3
49.3 4
49.3 5
49.3 6
49.3 7
49.4 8
49.4 9
49.4 10
49.4 11
49.4 12
49.4 13
49.4 14
49.6 1
49.6 2
49.6 3
49.6 4
49.6 5
49.6 6
49.7 7
49.7 8
49.7 9
49.7 10
49.7 11
49.7 12
49.7 13
49.7 14
49.8 15
49.9 1
49.9 2
49.9 3
49.9 4
50.0 5
50.0 6
50.0 7
50.0 8
50.0 9
50.0 10
50.0 11
50.0 12
50.0 13
50.0 14
50.1 15
50.2 1
50.2 2
50.2 3
50.2 4
50.2 5
50.3 6
50.3 7
50.3 8
50.3 9
50.3 10
50.3 11
50.3 12
50.3 13
50.3 14
50.4 15
50.5 1
50.5 2
50.5 3
50.5 4
50.6 5
50.6 6
50.6 7
50.6 8
50.6 9
50.6 10
50.6 11
50.6 12
50.7 13
50.7 14
50.7 15
50.8 1
50.8 2
50.8 3
50.8 4
50.9 5
50.9 6
50.9 7
50.9 8
50.9 9
50.9 10
50.9 11
50.9 12
51.0 13
51.1 1
51.1 2
51.1 3
51.1 4
51.1 5
51.1 6
51.1 7
51.2 8
51.2 9
51.2 10
51.2 11
51.2 12
51.2 13
51.2 14
51.3 1
51.4 2
51.4 3
51.4 4
51.4 5
51.4 6
51.4 7
51.4 8
51.4 9
51.4 10
51.4 11
51.5 12
51.5 13
51.5 14
51.6 1
51.6 2
51.6 3
51.6 4
51.6 5
51.7 6
51.7 7
51.7 8
51.7 9
51.7 10
51.7 11
51.7 12
51.7 13
51.8 1
51.9 2
51.9 3
51.9 4
51.9 5
51.9 6
51.9 7
51.9 8
51.9 9
51.9 10
51.9 11
51.9 12
51.9 13
51.9 14
52.1 1
52.1 2
52.1 3
52.1 4
52.1 5
52.1 6
52.1 7
52.1 8
52.2 9
52.2 10
52.2 11
52.2 12
52.2 13
52.3 1
52.3 2
52.3 3
52.4 4
52.4 5
52.4 6
52.4 7
52.4 8
52.4 9
52.4 10
52.4 11
52.4 12
52.4 13
52.6 1
52.6 2
52.6 3
52.6 4
52.6 5
52.6 6
52.6 7
52.6 8
52.6 9
52.6 10
52.7 11
52.7 12
52.7 13
52.7 14
52.8 1
52.8 2
52.8 3
52.8 4
52.8 5
52.8 6
52.9 7
52.9 8
52.9 9
52.9 10
52.9 11
52.9 12
52.9 13
52.9 14
53.0 1
53.1 2
53.1 3
53.1 4
53.1 5
53.1 6
53.1 7
53.1 8
53.1 9
53.1 10
53.1 11
53.1 12
53.1 13
53.2 14
53.3 1
53.3 2
53.3 3
53.3 4
53.3 5
53.3 6
53.3 7
53.3 8
53.4 9
53.4 10
53.4 11
53.4 12
53.4 13
53.4 14
53.4 15
53.5 1
53.5 2
53.5 3
53.6 4
53.6 5
53.6 6
53.6 7
53.6 8
53.6 9
53.6 10
53.6 11
53.6 12
53.6 13
53.7 14
53.8 1
53.8 2
53.8 3
53.8 4
53.8 5
53.8 6
53.8 7
53.8 8
53.8 9
53.9 10
53.9 11
53.9 12
53.9 13
53.9 14
54.0 1
54.0 2
54.0 3
54.0 4
54.0 5
54.1 6
54.1 7
54.1 8
54.1 9
54.1 10
54.1 11
54.1 12
54.1 13
54.1 14
54.3 1
54.3 2
54.3 3
54.3 4
54.3 5
54.3 6
54.3 7
54.3 8
54.3 9
54.3 10
54.3 11
54.4 12
54.4 13
54.4 14
54.5 1
54.5 2
54.5 3
54.5 4
54.5 5
54.6 6
54.6 7
54.6 8
54.6 9
54.6 10
54.6 11
54.6 12
54.6 13
54.6 14
54.8 1
54.8 2
54.8 3
54.8 4
54.8 5
54.8 6
54.8 7
54.8 8
54.8 9
54.8 10
54.9 11
54.9 12
54.9 13
54.9 14
54.9 15
55.0 1
55.0 2
55.0 3
55.1 4
55.1 5
55.1 6
55.1 7
55.1 8
55.1 9
55.1 10
55.1 11
55.1 12
55.1 13
55.2 14
55.3 1
55.3 2
55.3 3
55.3 4
55.3 5
55.4 6
55.4 7
55.4 8
55.4 9
55.4 10
55.4 11
55.4 12
55.4 13
55.4 14
55.6 1
55.6 2
55.6 3
55.6 4
55.6 5
55.6 6
55.6 7
55.6 8
55.6 9
55.6 10
55.6 11
55.6 12
55.7 13
55.7 14
55.8 1
55.8 2
55.8 3
55.8 4
55.8 5
55.8 6
55.8 7
55.8 8
55.9 9
55.9 10
55.9 11
55.9 12
55.9 13
56.1 1
56.1 2
56.1 3
56.1 4
56.1 5
56.1 6
56.1 7
56.1 8
56.1 9
56.1 10
56.1 11
56.2 12
56.2 13
56.3 1
56.3 2
56.3 3
56.3 4
56.3 5
56.3 6
56.3 7
56.3 8
56.4 9
56.4 10
56.4 11
56.4 12
56.4 13
56.5 1
56.5 2
56.5 3
56.5 4
56.5 5
56.6 6
56.6 7
56.6 8
56.6 9
56.6 10
56.6 11
56.6 12
56.7 1
56.8 2
56.8 3
56.8 4
56.8 5
56.8 6
56.8 7
56.8 8
56.8 9
56.8 10
56.8 11
56.8 12
57.0 1
57.0 2
57.0 3
57.0 4
57.0 5
57.0 6
57.0 7
57.0 8
57.0 9
57.0 10
57.1 11
57.1 12
57.1 13
57.1 14
57.2 1
57.2 2
57.2 3
57.3 4
57.3 5
57.3 6
57.3 7
57.3 8
57.3 9
57.3 10
57.3 11
57.3 12
57.3 13
57.5 1
57.5 2
57.5 3
57.5 4
57.5 5
57.5 6
57.5 7
57.5 8
57.5 9
57.6 10
57.6 11
57.6 12
57.6 13
57.6 14
57.7 1
57.7 2
57.7 3
57.7 4
57.7 5
57.8 6
57.8 7
57.8 8
57.8 9
57.8 10
57.8 11
57.8 12
57.8 13
57.9 1
58.0 2
58.0 3
58.0 4
58.0 5
58.0 6
58.0 7
58.0 8
58.0 9
58.0 10
58.0 11
58.0 12
58.2 1
58.2 2
58.2 3
58.2 4
58.2 5
58.2 6
58.2 7
58.2 8
58.2 9
58.2 10
58.3 11
58.3 12
58.4 1
58.4 2
58.4 3
58.4 4
58.4 5
58.4 6
58.4 7
58.5 8
58.5 9
58.5 10
58.5 11
58.5 12
58.6 1
58.6 2
58.6 3
58.6 4
58.6 5
58.7 6
58.7 7
58.7 8
58.7 9
58.7 10
58.7 11
58.8 1
58.8 2
58.8 3
58.8 4
58.9 5
58.9 6
58.9 7
58.9 8
58.9 9
58.9 10
58.9 11
59.0 1
59.0 2
59.0 3
59.0 4
59.0 5
59.1 6
59.1 7
59.1 8
59.1 9
59.1 10
59.1 11
59.2 1
59.2 2
59.2 3
59.2 4
59.2 5
59.3 6
59.3 7
59.3 8
59.3 9
59.3 10
59.3 11
59.3 12
59.4 1
59.4 2
59.4 3
59.5 4
59.5 5
59.5 6
59.5 7
59.5 8
59.5 9
59.5 10
59.5 11
59.5 12
59.6 1
59.7 2
59.7 3
59.7 4
59.7 5
59.7 6
59.7 7
59.7 8
59.7 9
59.7 10
59.7 11
59.7 12
59.9 1
59.9 2
59.9 3
59.9 4
59.9 5
59.9 6
59.9 7
59.9 8
59.9 9
59.9 10
60.0 11
60.1 1
60.1 2
60.1 3
60.1 4
60.1 5
60.1 6
60.1 7
60.1 8
60.1 9
60.2 10
60.2 11
